100
4
10 5 15 5
2
100 100
8
81 81 81 81 81 81 81 0
6
23 90 40 0 100 9
2
0 0
10
100 0 100 0 100 0 100 0 100 0
10
100 100 100 100 100 100 100 100 100 0
5
97 74 50 44 96
6
96 13 53 90 78 87
7
24 37 30 57 6 70 62
8
8 43 6 61 25 86 75 29
9
18 69 54 86 91 69 11 56 66
10
89 64 21 56 79 62 93 62 61 22
10
15 4 33 65 23 60 89 50 98 26
10
31 34 82 76 92 97 13 36 43 48
10
25 80 96 51 68 26 40 15 22 87
10
32 40 64 49 92 51 38 16 37 87
10
59 81 44 76 70 87 58 19 69 97
10
81 20 35 11 6 19 71 85 5 74
10
80 8 3 94 19 27 62 97 16 18
10
21 81 71 25 26 48 16 32 70 83
10
93 28 94 90 43 26 57 61 15 3
10
37 69 15 56 39 49 23 4 8 56
10
6 30 80 14 58 69 43 38 90 88
10
55 50 72 40 30 87 68 74 94 91
10
50 50 56 1 59 20 6 39 19 3
10
39 12 21 50 21 51 89 1 42 51
10
23 20 76 36 16 14 94 88 14 52
10
73 55 84 38 65 25 92 94 70 39
10
97 24 94 79 78 47 3 69 18 36
10
30 37 11 24 27 84 37 2 66 86
10
41 67 89 38 79 31 73 31 10 24
10
23 79 10 0 46 80 79 45 80 73
10
58 14 51 2 58 74 74 0 22 98
10
4 93 81 40 60 5 13 58 49 23
10
51 38 13 44 36 92 49 79 52 63
10
24 53 43 58 49 14 54 13 21 15
10
37 81 4 83 43 6 97 83 12 24
10
60 5 59 42 51 26 80 17 64 5
10
50 19 22 15 7 33 86 34 0 42
10
29 82 40 11 84 25 5 8 83 99
10
4 93 72 72 91 36 30 62 29 99
10
41 27 83 89 84 93 73 57 37 74
10
84 30 17 84 73 84 77 73 31 33
10
8 24 21 33 47 25 10 69 12 23
10
10 39 71 74 23 10 50 45 62 5
10
35 3 42 20 96 21 95 47 16 47
10
59 95 0 90 54 86 28 66 99 69
10
38 99 43 22 24 34 49 17 56 26
10
0 23 40 29 23 7 8 72 11 79
10
94 40 89 11 18 89 53 70 60 89
10
58 94 78 75 85 42 5 39 25 40
10
72 86 62 61 18 59 78 56 38 47
10
75 71 58 6 22 46 78 19 73 71
10
27 52 70 89 4 58 99 37 53 12
10
72 3 78 83 65 1 44 12 77 60
10
66 1 17 98 37 64 98 89 97 58
10
59 38 68 23 67 35 38 70 3 85
10
32 80 81 28 52 52 47 16 1 37
10
98 23 94 70 32 52 57 28 80 79
10
79 31 9 67 28 61 65 61 65 28
10
71 25 49 71 92 24 1 34 28 85
10
44 10 78 58 51 44 55 31 37 44
10
87 87 15 4 21 64 83 38 82 39
10
5 65 66 73 1 68 79 50 50 91
10
56 24 36 68 47 44 99 98 40 74
10
36 65 90 4 48 69 76 81 92 55
10
38 70 31 14 31 1 27 75 92 70
10
51 63 66 25 89 5 31 59 22 57
10
93 41 48 67 29 28 38 32 6 79
10
99 15 13 9 19 99 41 79 6 40
10
82 27 39 70 1 8 8 77 95 79
10
75 51 14 80 2 28 93 13 75 72
10
53 42 19 29 17 55 95 11 78 28
10
64 91 7 1 98 50 68 38 20 62
10
94 43 66 4 87 86 70 1 15 98
10
69 24 52 92 39 15 69 8 99 25
10
22 4 30 85 56 27 99 30 71 98
10
47 31 28 16 65 47 72 18 14 41
10
50 84 11 96 23 68 36 51 68 82
10
51 57 75 38 21 75 24 43 28 1
10
45 52 20 44 84 41 72 97 86 93
10
80 48 91 29 17 93 87 3 70 11
10
21 17 10 89 57 77 55 44 47 79
10
4 7 28 2 28 11 12 23 86 62
10
62 86 72 0 7 76 19 3 54 55
10
17 13 9 5 14 66 26 72 16 79
10
31 53 31 68 84 51 71 51 82 94
10
49 33 95 18 66 15 24 65 32 38
10
25 45 10 88 57 0 98 1 69 49
10
62 16 91 91 8 34 92 3 1 94
10
63 9 24 95 19 32 59 42 36 69
10
88 81 23 82 55 99 44 70 23 10
10
99 86 55 15 62 71 77 58 83 80
10
35 50 29 13 71 53 12 36 46 9
10
67 5 76 17 73 67 0 93 44 45
10
3 59 1 94 73 53 31 53 81 81
10
91 7 93 54 80 35 76 9 33 98
10
15 50 98 80 62 4 46 14 66 20
10
71 46 5 7 20 30 85 4 0 67
