100
2 4
10 5
3 12
7 7 7
3 12
4 2 1
5 1000000000
25 25 25 25 25
2 2
1 1
5 5
1 1 1 1 1
5 448257424
1 2 3 4 5
5 915742169
18 7 21 11 25
5 342547537
23 23 23 23 23
5 730305079
9 9 9 9 9
5 245584709
7 7 7 7 7
5 224353106
10 10 10 10 10
5 997132211
13 13 13 13 13
5 536510350
22 22 22 22 22
5 490913014
18 18 18 18 18
5 691803024
7 7 7 7 7
5 1161041
22 22 22 22 22
5 270003043
5 5 5 5 5
5 98871461
23 23 23 23 23
5 634761584
14 14 14 14 14
5 963828866
10 10 10 10 10
5 271335054
19 19 19 19 19
5 106338779
4 4 4 4 4
5 426262200
18 18 18 18 18
5 776402740
14 14 14 14 14
5 672264807
6 6 6 6 6
5 252096655
7 7 7 7 7
5 47985881
11 11 11 11 11
5 586340397
20 20 20 20 20
5 209653196
5 5 5 5 5
5 356809308
15 15 15 15 15
5 211746022
23 23 23 23 23
5 574917475
7 7 7 7 7
5 917011794
1 2 3 4 5
5 210124689
1 2 3 4 5
5 539848875
1 2 3 4 5
5 263388745
1 2 3 4 5
5 670647073
1 2 3 4 5
5 403975018
1 2 3 4 5
5 422666999
1 2 3 4 5
5 951198181
1 2 3 4 5
5 936181240
1 2 3 4 5
5 820988603
1 2 3 4 5
5 637632220
1 2 3 4 5
5 52601236
1 2 3 4 5
5 899583713
1 2 3 4 5
5 518259645
1 2 3 4 5
5 214852551
1 2 3 4 5
5 343207339
1 2 3 4 5
5 146568956
1 2 3 4 5
5 612058961
1 2 3 4 5
5 222450724
1 2 3 4 5
5 84882887
1 2 3 4 5
5 140330745
1 2 3 4 5
5 391318970
1 2 3 4 5
5 477397368
1 2 3 4 5
5 88513969
1 2 3 4 5
5 294154589
1 2 3 4 5
5 618358889
1 23 24 3 3
5 544707279
14 9 24 17 6
5 248281641
13 24 15 17 12
5 864572398
3 9 17 7 14
5 346106533
15 13 4 7 6
5 551908265
18 5 24 6 20
5 708753364
16 25 7 14 22
5 95539305
19 22 8 13 24
5 679619218
21 14 1 21 11
5 981813383
20 8 10 25 20
5 52862885
3 5 19 25 2
5 371834312
3 1 4 23 4
5 626105878
22 20 7 13 16
5 351059951
14 17 12 17 24
5 654248878
4 15 11 21 4
5 875635570
8 15 21 23 6
5 998472693
24 19 17 1 9
5 987745949
19 1 6 12 21
5 397215961
10 9 3 15 21
5 387019068
6 18 20 5 24
5 889416697
19 21 17 8 12
5 545303274
8 6 9 23 5
5 888267016
9 1 25 1 1
5 100642809
5 22 5 18 1
5 519431401
11 2 17 15 3
5 804511917
22 23 14 5 8
5 913696329
11 18 22 20 8
5 146147923
11 14 13 15 11
5 71647558
20 9 21 15 21
5 149238609
10 5 9 18 7
5 181791275
11 20 1 8 9
5 352560853
6 21 8 18 17
5 528686318
18 15 12 20 22
5 491675307
21 15 13 18 8
5 571663599
7 6 17 13 10
5 643209346
15 6 25 10 20
5 597572849
9 10 4 23 3
5 857839326
25 14 2 10 9
5 122997169
7 25 2 7 25
5 774551130
5 9 22 5 7
5 326911245
14 17 12 5 21
5 646614970
11 9 4 15 17
